 1.24e+03 3.00e+00 1.00e+00 6.40e+01
 1.95e+03 3.00e+00 2.00e+00 1.70e+01
 1.72e+03 3.00e+00 2.00e+00 4.20e+01
 1.96e+03 3.00e+00 2.00e+00 1.50e+01
 1.31e+03 2.00e+00 1.00e+00 1.40e+01
 8.64e+02 2.00e+00 1.00e+00 6.60e+01
 1.84e+03 3.00e+00 1.00e+00 1.70e+01
 1.03e+03 3.00e+00 1.00e+00 4.30e+01
 3.19e+03 4.00e+00 2.00e+00 8.70e+01
 7.88e+02 2.00e+00 1.00e+00 8.00e+01
 1.20e+03 2.00e+00 2.00e+00 1.70e+01
 1.56e+03 2.00e+00 1.00e+00 1.80e+01
 1.43e+03 3.00e+00 1.00e+00 2.00e+01
 1.22e+03 2.00e+00 1.00e+00 1.50e+01
 1.09e+03 2.00e+00 1.00e+00 6.40e+01
 8.48e+02 1.00e+00 1.00e+00 1.70e+01
 1.68e+03 3.00e+00 2.00e+00 2.30e+01
 1.77e+03 3.00e+00 2.00e+00 1.80e+01
 1.04e+03 3.00e+00 1.00e+00 4.40e+01
 1.65e+03 2.00e+00 1.00e+00 2.10e+01
 1.09e+03 2.00e+00 1.00e+00 3.50e+01
 1.32e+03 3.00e+00 1.00e+00 1.40e+01
 1.59e+03 0.00e+00 1.00e+00 2.00e+01
 9.72e+02 2.00e+00 1.00e+00 7.30e+01
 1.10e+03 3.00e+00 1.00e+00 3.70e+01
 1.00e+03 2.00e+00 1.00e+00 5.10e+01
 9.04e+02 3.00e+00 1.00e+00 5.50e+01
 1.69e+03 3.00e+00 1.00e+00 1.30e+01
 1.07e+03 2.00e+00 1.00e+00 1.00e+02
 1.42e+03 3.00e+00 2.00e+00 1.90e+01
 1.16e+03 3.00e+00 1.00e+00 5.20e+01
 1.94e+03 3.00e+00 2.00e+00 1.20e+01
 1.22e+03 2.00e+00 2.00e+00 7.40e+01
 2.48e+03 4.00e+00 2.00e+00 1.60e+01
 1.20e+03 2.00e+00 1.00e+00 1.80e+01
 1.84e+03 3.00e+00 2.00e+00 2.00e+01
 1.85e+03 3.00e+00 2.00e+00 5.70e+01
 1.66e+03 3.00e+00 2.00e+00 1.90e+01
 1.10e+03 2.00e+00 2.00e+00 9.70e+01
 1.78e+03 3.00e+00 2.00e+00 2.80e+01
 2.03e+03 4.00e+00 2.00e+00 4.50e+01
 1.78e+03 4.00e+00 2.00e+00 1.07e+02
 1.07e+03 2.00e+00 1.00e+00 1.00e+02
 1.55e+03 3.00e+00 1.00e+00 1.60e+01
 1.95e+03 3.00e+00 2.00e+00 1.60e+01
 1.22e+03 2.00e+00 2.00e+00 1.20e+01
 1.62e+03 3.00e+00 1.00e+00 1.60e+01
 8.16e+02 2.00e+00 1.00e+00 5.80e+01
 1.35e+03 3.00e+00 1.00e+00 2.10e+01
 1.57e+03 3.00e+00 1.00e+00 1.40e+01
 1.49e+03 3.00e+00 1.00e+00 5.70e+01
 1.51e+03 2.00e+00 1.00e+00 1.60e+01
 1.10e+03 3.00e+00 1.00e+00 2.70e+01
 1.76e+03 3.00e+00 2.00e+00 2.40e+01
 1.21e+03 2.00e+00 1.00e+00 1.40e+01
 1.47e+03 3.00e+00 2.00e+00 2.40e+01
 1.77e+03 3.00e+00 2.00e+00 8.40e+01
 1.65e+03 3.00e+00 1.00e+00 1.90e+01
 1.03e+03 3.00e+00 1.00e+00 6.00e+01
 1.12e+03 2.00e+00 2.00e+00 1.60e+01
 1.15e+03 3.00e+00 1.00e+00 6.20e+01
 8.16e+02 2.00e+00 1.00e+00 3.90e+01
 1.04e+03 3.00e+00 1.00e+00 2.50e+01
 1.39e+03 3.00e+00 1.00e+00 6.40e+01
 1.60e+03 3.00e+00 2.00e+00 2.90e+01
 1.22e+03 3.00e+00 1.00e+00 6.30e+01
 1.07e+03 2.00e+00 1.00e+00 1.00e+02
 2.60e+03 4.00e+00 2.00e+00 2.20e+01
 1.43e+03 3.00e+00 1.00e+00 5.90e+01
 2.09e+03 3.00e+00 2.00e+00 2.60e+01
 1.79e+03 4.00e+00 2.00e+00 4.90e+01
 1.48e+03 3.00e+00 2.00e+00 1.60e+01
 1.04e+03 3.00e+00 1.00e+00 2.50e+01
 1.43e+03 3.00e+00 1.00e+00 2.20e+01
 1.16e+03 3.00e+00 1.00e+00 5.30e+01
 1.55e+03 3.00e+00 2.00e+00 1.20e+01
 1.98e+03 3.00e+00 2.00e+00 2.20e+01
 1.06e+03 3.00e+00 1.00e+00 5.30e+01
 1.18e+03 2.00e+00 1.00e+00 9.90e+01
 1.36e+03 2.00e+00 1.00e+00 1.70e+01
 9.60e+02 3.00e+00 1.00e+00 5.10e+01
 1.46e+03 3.00e+00 2.00e+00 1.60e+01
 1.45e+03 3.00e+00 2.00e+00 2.50e+01
 1.21e+03 2.00e+00 1.00e+00 1.50e+01
 1.55e+03 3.00e+00 2.00e+00 1.60e+01
 8.82e+02 3.00e+00 1.00e+00 4.90e+01
 2.03e+03 4.00e+00 2.00e+00 4.50e+01
 1.04e+03 3.00e+00 1.00e+00 6.20e+01
 1.62e+03 3.00e+00 1.00e+00 1.60e+01
 8.03e+02 2.00e+00 1.00e+00 8.00e+01
 1.43e+03 3.00e+00 2.00e+00 2.10e+01
 1.66e+03 3.00e+00 1.00e+00 6.10e+01
 1.54e+03 3.00e+00 1.00e+00 1.60e+01
 9.48e+02 3.00e+00 1.00e+00 5.30e+01
 1.22e+03 2.00e+00 2.00e+00 1.20e+01
 1.43e+03 2.00e+00 1.00e+00 4.30e+01
 1.66e+03 3.00e+00 2.00e+00 1.90e+01
 1.21e+03 3.00e+00 1.00e+00 2.00e+01
 1.05e+03 2.00e+00 1.00e+00 6.50e+01